0.0752802147413203 1.4933296529942721 -0.9465229558828561 0.47983732149017744 0.6621136964703356 0.510780641233692 -1.5310421043598335 -0.7692979934247902 0.5471398227411236 0.3212848121946455
-0.03223346682101294 -0.5251652296287771 -0.5018457171545886 0.9600214101407613 0.6449409165122247 0.20621864382379246 -0.8635580854442129 0.4453081810396969 -0.4972680393048503 -0.23609335497255068
-1.1159167938243177 -1.196025430130373 0.7572546379146914 0.8194279256034067 -1.8207531786773732 -0.5157355437830937 -1.4581912017177634 0.6766589334929133 0.08876333665856945 -1.0244761707477017
0.17787572827073916 2.0318414981841655 0.3600804323391188 0.766699158429512 -0.37882850258853884 -2.165036491883739 -0.4765022149294458 0.1295967886578477 1.914083497023084 1.5166538065753674
-1.016463680754066 0.8396575856180595 0.4418966358680687 1.3262883776711818 0.07409010260536034 -0.5067053118724816 0.8959967652438623 0.6254504223798221 0.9010931019492793 -0.7407015731922189
1.0204385986124387 0.5221214136586451 0.1004104080136357 -0.9679805918744749 1.0175272226011551 0.13512527321954623 1.336801804796005 -0.6683613599636176 0.923622936558778 -0.019437914874810572
-0.3215483831811738 0.3866483010823896 -0.753624321562152 0.9598700542339472 -1.4345688353281902 -0.12350116764661642 -0.024609180904586095 -1.4103550820268598 -0.15245493426828688 0.6369033103477455
0.506592812718695 0.059631721842366606 1.0673056946987158 0.8777392777981077 0.24499851721651697 0.2893297358206088 -0.1600601495936571 0.520746266969676 -1.8914008168217844 0.006803944408437107
-0.4384205748945557 -2.121244359785082 1.2350025487415917 -2.5773222045319093 -0.3883912380173806 0.8555675176695162 -2.019557596527851 -0.8799063943329621 0.4706794534002496 -0.13112317644884014
-1.2848676119672333 -0.6117313690717805 -0.37661186653392087 0.8270191369706836 -1.0832541405916993 -0.7975029826498702 1.1503959826261403 -0.6496891483162968 -1.0617239914740442 0.8027689685250553
0.7439650331303105 -0.6188268866897961 0.896255940871698 0.2777548722748006 -0.28754432035198857 0.08374947650521318 0.8946588281211457 1.207223300439962 1.1163870269714409 -3.7043736716844733
-0.28369827440098233 0.07895130772492659 0.03399876553797065 0.9999273836379988 -0.6196884286045495 0.5738970625087612 -0.5791104937638889 0.4005904724486952 -0.5528406705803565 1.1608304886278724
0.7096631790949204 -1.3809846661651646 -1.320763831626436 -0.35390398359301783 -1.13305259808756 1.0464634538022122 -0.3644830664339468 -0.4645238556783127 -1.5200045091459808 -1.0882292010262355
-0.11449158519194236 -1.0899957324137437 -0.2788599680779542 -0.8961064073507241 0.1955399034555228 1.208690401449519 0.05700506267879633 0.6098385061279918 -1.5964910711365858 -0.19561676015082397
0.6346363769798843 0.2613820710650796 -0.5048848571998222 0.16139572685260056 -0.5478096883392238 -1.1831147088976444 1.7500959620519712 -0.0516382472541844 0.42489014311576495 -0.7635147289288334
-0.18720032698353292 -1.0234292182536922 -0.4259442768309681 -0.823239938937863 -1.5567166727450776 1.199807118967063 -1.1987820150172763 -1.238943024275092 -0.8919424169224253 1.0958277137951768
0.6542301392146717 0.5181323334996094 -0.2705848159512602 -0.4999598514566076 -0.516099006169491 -1.7568919221980988 -1.0478873346308648 -0.08605719712545165 -0.5232481853577956 0.48775812430887866
-0.05488641294068396 -0.03503574242772351 1.1204326934227387 -0.6701488856507513 -0.054240345147460955 0.06302137619704992 0.7365827985000444 0.8204530506621316 1.5454882181151255 -0.49502427452323505
1.4888541296461402 0.6480489495016577 -0.07387274046073677 1.811364499097997 0.774513567915572 -1.7680120675517672 -1.7079313136804377 0.886880413707625 0.5079214308548821 -0.2398606896955624
-0.04582331203013711 -0.6299014878653425 1.7496742018347524 -2.03569363836437 -1.5126726712687983 -0.7552890437155408 -0.6340848963514711 0.7204842731667136 0.08169643258604978 0.2641832861540121
0.17204314662238848 1.0431905793693201 -0.3631112075402573 -2.8027296665304524 0.4663653684424495 -0.3894744584698738 1.7327918886395457 -0.4531283486829299 -0.47880814979837444 -0.23197977102822784
-0.45269205435136173 0.06042117617645948 0.386255257831255 -0.33766657264226735 0.5600556499471439 -0.39974293209241474 -0.6248674223536298 -0.2040714779057809 0.37640412469733425 -1.8681945550560226
-0.04678913033622901 -0.7747112203667703 0.23915536867901716 -0.14513795349055877 -1.1418094710479176 -2.4732920464811268 0.25556211438653303 2.0683186697698064 0.5711210538111372 -0.3772304181895626
0.487327676926601 1.66140174835371 -0.9304428905559226 0.100775648873027 -2.971565466800053 -1.0173517326100954 -1.3117279707286016 -0.24611642443480394 -2.092265840112127 -0.6645798565793488
-1.625888262836074 0.11506714503007111 2.1696427405897425 -1.3600050185375254 -1.0000525708170425 -0.8467867013812238 0.18046136765183252 0.41712847317305807 0.32052200445006873 -1.1743427903347228
1.5346004278350842 -0.8363676481364015 -0.08308212388314593 0.5840772929028837 -1.4381019890947353 0.3870648423959903 0.09921926960693714 -0.014558408022678779 0.07778234185136428 0.447580798225911
0.1994677168045883 -0.32473139105451465 0.7014844474722549 0.9246315223999895 -0.6062527384461838 0.9852380839167926 -0.7357479934464871 1.4222758131824502 0.6939945157519334 0.41505252134674214
-0.23726424861555315 -0.7963498628523207 -1.043134822414537 1.7316929526056584 0.46569724436262566 0.4445947147418514 -0.9220128141746456 0.3255072372083103 0.8299058556422977 -0.0341695960502881
0.5558992488086415 -2.7431039102165213 0.9086694811263496 -1.7243306961866367 0.2948839502746891 -0.23357705896050399 0.44504907689662804 -1.4851296523488153 -1.8793668517742246 1.1999282020165825
0.2350295660076791 0.6179321731831023 1.526819904014122 0.42640500851908114 0.12628877588407955 1.4631555685492774 -0.07753912453492173 0.49764202637900146 -0.4965707275375441 1.9476097217713273
-1.0275071591277405 1.3373001236159903 0.6913346779789008 -0.8027349279366233 -1.3332620246956373 1.1061592931248898 0.8294963983197757 -0.4382062857089795 -0.4299611056375277 -0.7716945954355944
1.0308906921055918 -0.6894941689083371 -2.1679106415137577 -0.8710006752636662 -0.28097718411028705 -1.1863878957163208 -1.3208894808360565 -0.5255330213503752 0.7206918219709895 0.6187631307667029
-1.2160183616250337 -1.0728438353382534 -0.3141843203576262 -0.329158981573783 0.8371781042278921 -0.3727581063246946 0.9802105878560186 -0.319087394063193 0.14560456249799575 -0.618047098576286
-1.458734212945541 -1.3391332568997898 -0.45933082364278754 0.5693091780199794 -0.6672806246970199 -0.12320702464560072 1.2293195402834078 -0.48158591119762717 0.30564795959605334 0.6320120986422967
0.35342207835419415 0.502053678935197 0.03929951278902358 -1.3061162267120525 -0.28885065281656896 -1.476054331008639 -1.1458615612151624 -0.039089032772287986 0.5381282728260051 -1.0366351571043055
-0.2525198871115851 0.46065935873837144 -1.240414544122798 1.1639123574306465 -1.6733215216787438 0.14161938150523828 0.9645357169524675 0.3763383434616615 0.8537730710871774 0.747533564481016
-0.024074251918259026 -1.0461205672709073 0.5465384423232702 0.05853772807286201 -1.917784663642148 1.7245410175634004 1.4437217525049997 0.0150074828420572 1.5204924073842332 -0.23155364474965567
0.47642087511992853 1.534601543505966 -0.2375626317296067 -0.38471366221751335 0.14866238025587394 -2.1521328067418257 -0.09453504475122482 0.1153405952503674 0.6608723176933081 1.2908611286708165
0.2802011291081846 -1.299152474547707 0.9186236211837923 -0.5453259581501125 -0.7704499930213734 -0.07832372569814722 0.5340410933814953 -1.6649494676431758 -0.3583631588062263 0.08274222980926224
0.06762791064024155 0.13565846522244274 1.0661025645306126 -0.5251159638614583 0.14212180243475198 1.2352711484272683 1.1264647454648986 1.809814088780684 -0.8000536627260996 0.49789923098586664
-1.1516100269156817 -1.5722466366263468 -0.5741518628072534 -0.6670505510365508 -2.702964610133922 1.1469340931392884 -0.12497473024464503 -1.5042972265280865 1.7456538143052807 0.777456752855489
-1.163804055992591 -1.3660996139945418 -0.046987557048049466 1.1629575817636755 -1.2944882205844632 0.3653318716242625 0.36268658283442656 -1.1560711312471863 -0.9507839164752863 1.5316793655674896
-1.0799394866429097 -0.351187195240762 -2.9879581239256225 2.585068313406261 -0.2596541229890674 -0.137426401511389 -0.23224623934733638 -0.5833578174772808 0.5820814341032671 -0.5837577161189207
-0.12248301890004712 0.4093448353845385 -0.11394532503434526 0.5209256607323264 0.8331865345467618 0.0205772259960061 -1.3730525765878048 -0.545226970923105 0.8794892253421451 0.395551122752286
-2.6434128951596767 -0.9263604226243088 -0.7569461376937839 0.945947210893535 1.0706132128288788 0.4662585368843856 -0.25934430926915913 0.0827807732746481 0.09267987009090949 -0.025237917645975893
-1.5354635882931098 -0.10079060688841544 1.0172849175515775 0.876640361816471 -1.3181945749054882 -1.7523328140070003 -0.1118298579665923 -0.9798322756617421 0.6760310293403845 -0.3706838126762718
-0.5548521734991089 -0.19735288741338486 0.2956214187953655 -2.014862488493552 -2.395349037692929 -0.828238584962565 2.0423057173529364 0.7713796669985356 -1.9826449346682855 0.38519344129650374
0.5108556674169076 1.1868616050905776 0.9276492285978442 -0.0888810473198998 0.6994840626452858 -1.1881845912794533 0.9056354722823701 -1.777142609795037 0.28023844619472915 0.15564182164388066
0.3277085596211069 0.27765813187410326 -0.6446258998981906 -1.4481341466214728 1.0702073677383548 -0.5882844297329234 -0.9363005181186363 0.24687237297476505 0.6740632435920502 -1.1051395844101481
-0.17017523976350643 0.937425162940584 -0.229745628280626 -0.5445166613080661 0.11744355496685847 1.1896797330666247 0.10151429102461514 -0.6470576001336951 -0.09648882260672333 1.1739699359951963
0.02099607733657598 0.9476844053722722 -0.3835917689153337 -0.029208979439161942 -0.2542781989217201 0.10866452396008527 0.8128649259994309 -0.5384609962070144 -0.8810622503496254 -0.47686761350420387
-0.7742495369887538 1.1432276531224475 -0.6424204412406165 0.2495837724186189 -0.3435039433019359 -0.5325597442715053 -0.0068670676471252875 -0.06324627789234033 0.2679003889742791 1.8151680096407228
0.18995351777158376 -1.1882849864387823 -0.1801221603025165 -0.07061348926618559 -0.7719855665275871 0.011093081037955945 -0.15650465663537078 -0.04251687590779654 -0.6678437266900742 0.7202901823888022
-0.16636719793219049 -1.6200953449959614 -0.47410474237236416 -0.2675257593821103 -0.4701666486955266 0.3638295802569776 -0.7932353853686837 -1.804179016626958 -0.03213273158179952 -1.8467384043165356
-0.6260032031709701 0.5160910233506325 0.15866876295839336 0.46131485147855583 1.129988852966764 -1.697555233760097 -0.6138126825734719 -0.8702648906810952 -0.5261492807471231 -0.7948154383384549
1.2166303041090574 1.841405142021397 -0.017856520753846274 -0.08361960861262843 -1.1516646601883664 0.3909623835457745 -1.0131745483319003 -0.6070664777863714 -0.7237953403155994 -0.22826103686677812
-1.3512095227396466 0.622185925664901 -0.32362564597975235 -1.5597451464064975 -1.333380547610883 0.3140530145970372 0.5826004677521665 -0.8002622267944862 -0.5285932536128949 -2.2075611585473416
1.9389473706088798 1.2514983451240875 0.6020422888548341 -0.4307789246701002 1.8651055837479507 0.2412146469389122 -0.24301736542623856 0.3089540716777427 -0.2369759666277484 0.0998187143852442
-0.7670062610766192 -0.7322444344269075 -0.0764556610656477 -0.6935258439519596 0.6353565016637033 0.7797736715350561 0.696809031630997 -2.090417553685888 0.3264774811990466 0.3597600719010987
0.4951649252390844 0.045185878238578996 -1.1268327355100116 -0.48541096617805846 1.5468285632351122 -0.6062944935885572 0.2331274319090285 -1.6352601652572243 -1.1836356187403199 0.05241260061241069
0.8746670767842666 2.6098390199008747 -0.9973527477545998 -0.34266526547806686 -0.05098011093794942 0.6868798288186001 -0.6890937173173807 0.6137383562565523 -0.6361139694108044 -0.42533719125567554
0.24936918306708458 -1.317492597865202 -0.6562768400735622 1.7367332973121792 1.1602346995025823 -1.2096894831613225 0.8208440063777361 -0.36608625132371186 -1.451319023692437 0.20499493222287318
0.35441683194586276 -0.6344098462177401 -0.7715399363423654 0.5278422977039949 -0.3515302010990769 -0.3512795416037979 1.760352613004462 0.6820138810251597 0.3744439526733188 -0.7283047451521251
0.519953561618557 -1.8002391633682864 0.5576031388036169 -0.06356504211232315 -0.27543697861583694 0.5840101910418605 -0.9900629487959084 -0.914138046054017 -1.6820370607168036 -1.634895768220722
0.21154866255458166 0.5948249195347021 -1.9597551175232482 -0.02380767121705158 -1.88309662006436 -0.33127743370010304 -0.40333485183504975 -0.546962034078585 0.16226518743432153 -0.683641095271518
0.5359621650928192 0.22322195496785044 0.004593457999849909 0.7640187166417148 -0.237343800453355 -0.39710778314410483 -0.15808945267224422 1.6153047214825125 0.01509257530097759 -0.3028258490601875
0.0322262868215445 0.7209118944940065 -0.48935858722769515 0.435915424380981 0.7549309949438983 0.626336972269729 -1.6871121943609733 -1.1120013895341898 -0.6647068169391702 -0.33017046247003523
-2.3807480278669253 0.4514244138067103 -0.05249032768235899 -0.4661885123719021 1.7931010525607523 -0.717315481059847 -2.3392171741303587 1.0013682501632268 -1.618394113068191 -0.08075102377244983
-1.4721725673629331 0.7873710273966756 1.557123647971282 0.5820457473712741 0.08465448832161566 0.8321559422955148 -0.49114974015862023 1.5615465732139842 -1.6998705020280942 0.12248078819622013
-0.3741390387948256 -0.9194439423380515 1.2886044675383488 0.5509516526861693 1.4091726387204593 -0.5538602468428898 0.23041439438504288 -0.8230247331197066 -1.3824546683518737 -0.6770600549173368
-0.6417775532265895 1.0449780805297821 -0.5487812494892036 1.5348996764794554 0.36237522128233235 -0.09286774661706658 0.4332184237102401 -0.6066979811973143 0.08725949691150801 0.0911203592752086
-2.9732208271571543 -1.6557805595076653 1.8170874482492276 1.786021533203652 -1.4068651260208238 -0.892650561353599 -0.6554813156022172 1.2280150209396141 -1.6957300287274077 -1.4187361615240726
0.5724891671903991 -1.640962515215139 -1.0835780774729626 -0.069747247551727 0.2319710055464608 -0.04413400813154342 -0.4346165191465482 0.33615451115447975 -0.06532587169433507 -0.20517389433901714
1.3128490788995006 0.15992672324124532 -0.5497689579278319 -0.5204721471422432 0.7257098443836323 0.1743986327336897 -0.0166815593464322 -1.6936289177868395 -0.4700559831313019 -0.4711943835258444
0.1219336474759732 0.13126411620777678 -0.44143968059640387 -0.06482245046832127 -0.13807292967356613 -0.9420710854182006 -1.3609114144837344 0.05105654198376151 -0.05367070346336167 -0.16576173758134374
-1.0109789782003475 0.15799966292517867 0.6060857563067099 0.5378041773776732 -0.47203732575708496 0.9134991125664927 -0.30767282799436846 -0.9059060883527531 1.5833761774525323 -2.4562005988840707
-0.28085905123497634 -0.6522004720508522 2.0159610838213524 -1.4648046636983603 1.9910946138426875 -1.5060849063007098 0.19668652436709233 -0.37959829155307506 0.6921544447249739 1.2659618964228483
-0.18998528537680193 -0.679161938230193 0.4629870071017906 0.5670708665920042 -1.2322445392792365 -0.734277800511474 -1.0463745455623343 1.132928681837176 -1.3979124651387687 -0.9558440724264515
-0.16293415711486295 -0.8411755673184061 -0.9828630942963594 0.2167598239126784 0.355078002897758 -0.7129675125234809 -2.009428793281698 0.006653800522283876 -0.351253413814497 -0.07323294379908213
-0.5833492023436341 0.47222387047381764 -0.9516841773018385 0.2745577446684814 0.5131763282231473 0.035365694682220256 0.37863612544300274 0.062213447303591914 -1.4229205537233827 -0.1455691650201941
-0.664278115905291 0.11934194485122178 -0.9313692767382192 1.068252538475343 0.9592743881422637 0.08299403650590734 0.12181834017048666 2.494997312865014 0.6433536548000556 0.7347211755170823
0.43140785188645836 -0.059348899269140255 -0.5584134943752131 0.9856579023880785 -0.012787263109445692 -0.5180367756059843 0.006411618874896029 0.8035327107889356 0.5415444734849106 -1.7192847452424762
0.5632109033705445 0.36884988850761563 -0.7964214909784709 1.2875622172845271 -2.492715841581081 1.2192926132029334 0.0216704980480554 0.1885321641786047 -0.2103618713873789 -0.46725367354145675
0.8695418639465827 -0.49936265097322285 0.5724380948522204 1.381597855447489 -1.106003886227053 0.6194469797166706 -0.9572786220685506 0.5031207836162763 -1.1792075933727981 -0.12219964102361547
-0.665563314662209 0.4621186780817322 2.334628305493074 -0.6766857744196997 -0.3942680878280398 -3.170804764066449 -0.31635749313868106 -0.22079805504979938 -1.492029649671775 -0.0938664149940181
-0.21900629600963964 1.5894545132962559 0.3325337211723073 -2.339508412823433 0.9254025338969848 2.080968284070204 0.011013046831302034 -0.05988839695264406 0.8628794795537222 1.1038114842726985
-1.375945081573262 0.2593082631427284 -0.05448461510300782 0.3722370598478195 -0.23308073650801245 -0.22964490096841408 -0.7100313307352482 -0.020582720898709477 0.16294703212705708 1.3577619996463814
-0.3692713428920802 0.1902301881931873 -0.02115946721845108 -0.5683593423776107 -2.10428654677966 0.6508810476250941 0.3207971280942007 0.8871593959780164 -1.0261123927743576 -0.49724343848406133
-0.04616348679003175 -0.2627144280877178 0.30101193006140925 -0.7119728693077628 -2.7334716016230534 0.6134700583018228 -0.24097859109339176 -0.2899200628378113 -1.6556512624270086 0.9654816433950899
1.4782668902042497 -0.22761513432215313 -0.37309024370602784 -0.5628818572816007 0.15520658934940282 0.7373432245370617 0.6376422200195816 -0.8648498133150565 2.2424209439864446 -1.8750967477242673
0.9697892875151847 -0.3018494657556685 0.21136169697311036 0.47114176547298503 2.3157489690571706 -0.8221537613696129 0.17176821077725057 -0.623377579752664 -1.375175918655274 0.04186372089539276
0.363496439077821 -0.195302800398931 2.497189762652058 -1.4677389524395494 0.5705226067421022 0.47646351252386077 -2.106079790376625 0.5645322946420761 -1.0890557386543358 -2.831223937128151
-0.683844104323443 0.19833770586209665 -0.3204848201378231 -0.29985818309904577 -0.28083154829612045 0.9747521393096871 -0.6789825684161901 -0.09991183150735972 -0.4863682356620946 -1.456445728756526
0.09562884872823166 -0.35942926334884645 -0.15579492119644092 -0.38849064430871433 0.37618589211112413 0.12549378248003715 0.35244913846833154 1.2469149429491322 0.5447021794284312 -2.4743712262897173
-0.18126572976905447 0.20560199343050356 -1.4336020906956077 0.5441975220762886 0.9358209155985961 -0.6441190968859563 -0.9889349031969052 0.8157644095901113 0.3808922223369516 0.9639693087975456
0.26666541816470435 -0.6395193177592644 -2.5526218202690094 -0.956619715762042 0.09342037666646587 0.5318319121896877 -1.3926432491991823 0.4460230422714735 0.7159367315168864 -0.021273519754359267
0.833733986315345 -0.24042545506045263 -0.5532204693834987 -0.8041249210360478 -0.9584281493237795 -0.3054379427852385 -1.431744757508413 0.16531376815563648 0.18966159817422792 -1.4768123210917445
0.15770867425888155 -0.9082158304961427 -0.3182017752526562 -0.4847392797103674 -0.39632394916914726 0.04002941771572117 -1.8983460103294014 -0.9786171315761424 0.9311857591122196 0.9053903436824408
-0.23022034332448274 -0.923852424924004 -2.187645553383359 -1.1329376168837764 -1.0736619265601257 -0.6598047055748272 0.1205237848945673 -0.5275222430078823 -0.03968005279694602 -0.3169999377539128
-0.49524505814254804 0.37612853532996293 -0.5498549229924579 -1.0263270300319651 -0.6074125522050999 -0.23435881492010988 0.4561601720432378 1.7348768249194304 0.011786431235930104 0.06278066385754756
0.5884824819903302 -0.22367484725185838 -0.2397990645738879 1.0197865874081418 -1.2867699713978769 0.5775361221627969 0.24292769767004846 -0.6497013247717981 -1.591698354078192 0.7361147254122568
0.09286427864365833 -0.39397901591759116 0.6039667635778231 0.4935913789477465 -0.9769545749105739 0.12096447723833861 0.47277388472821485 -0.47386879586417363 -0.48015084260587526 -1.2464614407880343
0.5785213206706484 0.7866511427447991 1.3894747976214201 0.828322146080127 0.10285636081330661 0.7640056279125541 -0.6753672440176406 -1.324483636878903 0.32741122454838023 -0.18868068043826616
-0.3909479086033814 -0.17388009167477952 0.0718474954221021 0.027390941389254814 -1.2197380939424043 1.6216325414282793 1.4445740295328133 0.5165249089989885 1.1166229501405618 0.5365220033603183
-0.3342904230108022 -0.8822121090133127 0.60834671779441 -0.4687624668237297 -0.43490314983994666 -1.2781639167525285 1.4577440830215922 -0.3064079888085823 -0.623573299117838 -0.6873192002487387
0.4344912034262294 -0.6002244324237338 0.0938094208942758 0.7147295556330713 0.1579582303102234 1.4416585192500753 -1.114869630296932 0.44605342537159054 -0.6335296880972834 -0.34866608029242063
0.290863028379614 0.03913044947152295 0.7343900167851484 0.1550254066459004 0.6072011375671906 0.15165479074838312 1.0141599738764822 -0.15862662950695688 -1.133031745715285 1.3640264815900527
-1.827541829183851 1.4625771870016 0.7599337639992513 -2.8951671757308346 0.503938110299194 1.0900754506126755 0.509048701858851 0.9380716749110344 0.19970291586036337 -0.19242755971878664
-1.3387293003210676 -0.7033810797483415 -2.0236670253758655 -0.039353868745716745 -0.3914905502957393 -1.1589942619191727 0.9728610940095339 0.38553343385682814 -0.3661005982692372 0.24481616950996643
-1.0496086241092153 -0.07934306550563865 1.102303632508372 0.7244062690035454 2.0420462609800127 -0.5958418188262812 0.952984712795343 0.3322844194038566 0.5563170716720905 0.1934161590526148
0.6612286780649231 -1.1965038884019847 -2.156756290251623 -0.1289008195752205 -0.6997410945341812 1.2505677636064214 0.20879662500660723 0.14172790429555532 1.4760027193953562 0.35143359032154325
-0.6972963518898779 -0.856866905226576 -0.7304032921470044 -0.7962447343199117 0.2517753637643707 -0.8203407772000272 1.4199187664868935 1.422270042649008 0.08179065586736273 0.20732768651379394
0.2977233727646357 -0.23811413791583202 -0.6091724481852987 0.9412256337092494 1.5122225537779252 -0.41095871344914914 -1.3879956542155374 0.4494630404664387 0.38788054332898514 -0.8432694357349891
-1.352816001548671 0.8837082354809741 -0.851651208915452 -0.6496193173527761 0.539264892732113 -0.5105217767639852 0.2357996571811819 0.2797711840839078 0.057197580961104416 -0.698201917376154
-1.1235121820471239 -0.27271922514399205 -0.23105451959187986 -0.14501416124801386 -0.5120283989396237 0.5544112540990324 0.0535007712071218 -1.548252303387384 -0.2355655484920029 -0.26128018944786285
-1.0703009432004804 0.4098802309067453 1.0412455590610907 -0.2522576455345447 -0.2846838810456685 0.27033676058783307 0.3466933120005262 0.3136328010091055 0.6613949157613918 0.003664221892612227
0.3253658261482268 0.7100889385831929 -1.0361844148547321 0.6813180724653362 -0.5750701150030669 0.19060413284211092 1.1015543099232536 0.9309979413606806 -1.5390661517176618 1.366273506752375
-0.4439740665257121 -1.454194876815602 1.6861471390799068 1.4052473283884979 -0.45935243759775 -0.4194655468843116 -0.1782089599486034 -0.1457964408531671 0.2940392665129641 -1.410397641364568
-0.24147553718839876 0.7635883624114809 1.7370974779954187 0.7126608953770303 -1.109659368989376 0.9909825715378894 0.13854302359870846 -1.421771822829533 -0.049061537199321444 1.6209552387948407
-2.167587544988674 0.8209012818577289 1.004737535149611 1.829888214024684 0.8380718747161842 0.1968076764382275 -0.24294029399418848 0.7489745111181386 0.020227660670788097 -1.3311148481228006
1.0908231002373368 0.22258386649518241 0.8527640270900719 -0.9592967954946604 -0.6891180508427064 -0.2675936604539787 -2.99659324294618 -1.2112872182679117 0.18031802325644075 0.583016603027426
-0.3488636273604502 0.02053831031741175 -1.4179595829598668 -0.7646154042598203 -0.9280180299447832 -0.6184213861987004 0.17019166864218382 -0.4676552508006117 0.10766542111075035 -0.8029054207202808
-0.6432363847944655 -0.22081417729517033 -0.2824873134592766 0.20869293276849582 -0.7349708642979783 -0.24355612724622108 -0.28370673222256937 1.0098811514278265 1.1690153639146779 -0.8156560692930698
-1.3946099493722173 0.33223183641785436 2.0983963780649395 3.123917473362167 -1.0597214534918578 0.5117763905780728 1.5796893754418693 0.9260175436810241 0.23872784296772068 1.7178317346416527
-0.2883849348901475 -0.24703622987668783 -1.2126932488817705 -0.5886937462497522 0.9627142630990798 -1.1082001806105806 0.5548164760993922 1.4507636278851195 -1.2559649710096885 -1.2106019270486028
0.02045674610162358 -1.189018960846134 0.345989425659834 -2.3586783338036255 0.4287880572784489 0.5730580988548157 0.08436576811514276 0.11031048421933322 0.4378227421378688 -0.3631722854019702
0.18659367298466883 0.6615234059325291 -0.11725170599987284 -0.5662159704730543 0.38676096367899315 0.1829267086074903 -0.5231670624359455 -1.425460204641037 -0.8679707975655647 -0.8488847121795625
-1.1356509501567924 -2.056883983708984 -0.6852307714564834 -0.4948238429360729 0.3285931392629873 0.3187891442435904 -0.12709421087030146 0.973306798666856 -0.9039306022051107 0.49456810239549714
0.08208098204266726 1.6571372433241747 0.024484211638526085 -1.5129243219057606 0.5222934251929796 1.5585140541005524 0.779109214425243 -1.2312883031363064 0.11007771134773013 -1.9390652787706733
1.0575528127857876 1.3862268080751856 0.17644782428591838 0.2785812267342772 -0.8375682279713692 -1.400677427620211 -0.7854782801160506 -0.048987527372489195 -0.8349975241975968 -0.5278480248996393
-0.17392414118783012 1.0367973908210266 0.025417733258336513 0.8757176359468511 -1.210390132624176 -0.4838698385759156 -1.9122866573424575 -2.214910620580221 0.7291250781426019 -1.0637554904333966
-0.5828395673942117 0.2192045270923836 -0.8072579551922442 0.4332802226847023 -0.5626842408184564 -0.539218852594438 1.0771421266143455 -1.9358263223849639 -0.34449531709148845 -0.002394970247942414
-0.7482274229583046 -1.5860298745415715 -0.284556113223439 -0.5474044152824612 0.22846893134203108 0.08370435657373057 1.097126657573253 -1.915417714354051 -0.24580016649595315 -1.143428090771061
0.18975648879120183 2.0366797187010013 -0.30452457229135727 1.5952613793448933 -1.3762007889871488 -0.3724984146017894 -0.5395023204411801 -0.683695462263565 -0.6438852669121398 0.3940405788107548
1.0847278416528765 0.7337231772945196 -1.6757033307643092 -1.986245597404886 0.19458845489477283 -1.4807976943357233 -0.9525908028477927 0.39370069926254425 -0.7406469915624609 -0.893473830497037
0.6931874002313062 0.7375049424049955 -0.7394571269175001 1.1531885526804126 0.6610633877478294 -1.8449203152572478 -0.22147355700192267 -0.9237101317622948 -0.4815794757805694 1.9332325830278714
-1.0811187430995577 -0.9010721948820773 0.9412786436440714 0.1433529121547497 0.6457675366366789 -1.6973478007398575 -1.1661120042825057 -0.36481610887655314 -2.686005326081228 -1.992824088477507
-1.0513259312705374 0.32850271782983925 -0.7633547205634654 0.8723062282154068 -1.2943061434300174 -0.26701478466257017 -1.3832358858802705 -0.2069024256879207 0.6121709310293918 1.0171314583645064
-0.660371862795529 -0.1557196081475645 -0.9378740947539782 -1.0613238078952807 -1.677395432504546 -0.061485404424581856 -0.4941473757049013 -0.7995556418487408 0.8163732698544764 -0.17056461172338475
-0.4217451453108047 0.8735832460556006 0.9174610398992847 -0.1453361681711587 1.3249343396587947 -0.45429767968564255 1.1120834358328935 -1.4694263089479986 -0.48397315632686505 -0.6956061721052882
-0.26032069171113653 -1.1305416675390871 -0.5676381790935523 0.4505217849824032 2.3092317726933986 0.30948105440735035 -0.1635139344821204 -0.5623460593141101 -2.559264176431328 -1.1069618548275126
-0.637635375965741 0.16544815107534377 0.11693390912614778 1.2060984615799666 1.3456076940265838 -0.15554134833441838 0.5754063218141576 -1.2588504930773554 -0.801483774310036 -0.41153806658437975
0.5817058409610807 -1.2895249851761104 -1.6184097572872207 1.183061598661887 0.24854504608287015 -1.05652406685678 1.2580615551584635 0.1429652407836775 3.2251552760099544 1.3267986410831125
1.3141486865238257 0.5609352483012309 -1.3100727272053059 0.5733262583050563 -0.8495939544767506 1.3469983674631711 0.9042126973802241 -0.22297881208845136 0.47452591938378397 0.24691082020753025
-0.5775443829840277 -0.14736663846845097 -0.04282877124119517 0.09542555871883909 -1.913509867690587 -1.1077586022267587 -0.9765673217561511 -0.7047055624552836 -0.674685943050971 -0.3938734187295718
-0.9040189993141233 -0.13074001783344522 -0.8503312909803972 0.9347906986280127 0.5251347381695521 -1.490375954225973 0.4820003772745125 0.2607907431503626 -1.5747835384101199 0.08718873068138083
-0.9432361213556818 -0.8854913795787531 -1.9678676083959632 -1.327435567263839 -0.7060509733106646 -1.3556641948069734 -2.147227202160392 0.2659006361934008 0.03572347432336697 0.15232365141885507
1.425956968145942 -0.5312722833056537 0.8826638461770995 1.312200698687754 2.205478821220556 -0.15255250820763863 0.8806003092634797 0.005366941376904867 -0.5560695255150143 0.7043779474293576
-1.064871268996621 -1.5014015895083788 0.8583660592668036 0.27404850038449424 -0.7618218435546974 -0.496336697724769 0.04706708459855159 0.2983863819823636 1.7551451036482606 1.0122855888084963
-0.17080209573154057 -0.09584835483249439 -1.379533627390109 0.10058766315271765 0.6849631124986179 0.25097091954838924 0.24103219435437284 -0.002234922835933201 0.10633870611984643 -0.8171368945482638
-0.29769629494325445 -0.36361369931517035 0.24132742776333516 -0.4989964690272786 0.35782725299600027 0.5353655018788516 0.07491349978422597 -1.7595969474766637 -1.289296183626465 -1.1774160771326536
1.1536856273221903 -0.09432861703046289 -1.0410162952556687 -1.1715433807455804 0.37969599306766694 -0.22492242006574792 -0.5092048367273991 -0.34984599081965406 -1.1205389815664109 0.9439088833723367
0.4076856658815845 -0.03794347784503468 0.49932423159433187 -0.9086402146637272 -0.631791912590143 -0.5335307239219268 -1.5537179655288573 0.33120895036518005 -0.4008671963932833 1.6055952627939665
1.3217263278369142 -1.545824793167726 -0.5106109569256528 1.369817160416963 0.5416725955734997 -0.9453560326018586 0.5337608306342231 -1.7168160149105263 0.5120907233174682 0.46002650728978806
0.36717765077913905 0.4561685507079739 -0.336268454441528 0.9445947349216027 0.3931191853670282 0.2920757737918613 -1.3797832517772204 0.5619531340913605 0.42435463243605837 0.2900006575588749
1.1006194154907847 0.7352842071736556 0.15549144250502514 1.188040824880693 0.6710429060430826 -0.7233272575328293 -1.1760287558538294 -0.02274404025661468 0.09620204222982313 -0.86609118444927
-0.17839026738734876 -0.315843712773942 -0.06874938950036029 -0.2338685923592463 0.8812433041586344 -1.7021380061951936 -1.334742330963443 -0.6781732732418195 0.11099687634785337 0.2472928236830833
-1.490693397262135 0.36178898982551905 -1.7484106415246832 0.19563510728854566 0.9963960116853123 -1.7547529409715792 -0.1953300727517294 0.1845999890681022 1.7301983269369707 0.8595962195836082
-0.8135487543042316 0.23120164321689823 0.07693877774598523 -1.5000217559741478 -1.4854658770209852 -0.3445465797148396 -0.4333183166977418 -0.36871673575977965 -0.15773463737464025 -0.6436146119581834
0.20498099887100552 -0.8694759444443978 0.7376621156810896 -1.286341219568601 0.12410235827631247 -0.6328684229153781 2.4535149550886555 1.0313359242793212 0.45816837562916735 1.2642222033786465
-0.2569738492155673 -0.638130366490166 0.49912968344524267 -0.004622996757560148 -0.07480051532211462 2.4849771131750398 -0.5787275074260281 1.4395191763195718 2.3771081217207386 1.1898425610954557
-0.16883046815331915 -0.13142659544950372 0.5654841245722597 1.4326237144639158 0.1241986357250003 0.23114255083395033 -0.5292388099879495 1.3791767293033954 1.8816799982545545 1.517469178176758
0.9170450466396759 0.046049122215603595 0.482084615738329 0.027789454704489767 0.23040465474827942 -0.1072392988131229 -1.063549481165085 0.6532458922871106 0.10301135710631987 1.3038107290605785
0.6929636088841286 0.9197988718813779 -0.11660803538963314 0.2606916980357573 -1.0444339574738906 0.0005874866681713637 -1.0524500864879667 0.7832367811607444 -0.21295442629056063 -2.776341653740412
-0.3713223300283992 0.8888420876042026 -2.0003556819109476 0.1636306063936914 -1.109617501670062 0.7682168543147492 -1.2626125781363327 -0.4839981495580352 -0.06846643473533534 -1.8765815535854395
-0.6678394705834002 -0.12350755721187745 0.4823540745221832 0.9316537034597459 -1.472236323372009 0.6996674929274742 -1.084966274779312 1.0203845197983645 0.5748848921498101 -0.8896497621681094
1.920578465556192 0.12647468587673377 -0.15462442049843803 0.1938055061844307 -1.4605370941450069 1.0637763166040635 0.8451623489995239 0.3658057618887152 1.0264338147854295 -1.1508607751220248
-0.757680189675528 1.0238729376872013 -0.15124365914490878 0.14673699145755897 0.025435689929339932 1.0415672413530042 1.246960966132115 -1.0135429270135439 0.8731080566595627 1.1346609720576566
-0.35462728560416457 -0.211365663154779 -1.8482098677314365 -0.6678539565642609 -0.4348440888975415 -0.549606030000405 1.589449176671116 -1.538843701169367 -0.8184746403112324 0.8481198108992718
0.6800278669601734 -0.6943903532934482 -1.1545216810532262 0.1948501708680748 0.29102016890191557 1.0557752788369732 1.1714518879144942 0.36450045632044503 -0.23366397156460467 0.8702289773598022
1.9836646456866556 -0.6712001836489311 -0.9240226287695745 0.9093790722322737 -0.5232778092961942 0.46695401653539376 0.5551024648256189 0.4479451317554209 0.11728147235238881 -2.2680657517063483
-0.7659639999353189 1.1093208786308968 -1.4968392636521723 -1.0559642294157683 0.1854074102409723 1.6165552031070496 -0.06713223810135918 0.08307564675591672 0.30237886983702 -0.21154245916112052
-2.2288138324960016 -0.10029881501844538 -1.9072334204582644 -0.16361251674809071 1.6363483163864743 0.6040882264167168 -0.35398619582120083 -0.2563299853986538 0.8556258552535123 -0.5377749927660804
0.3827668675505193 -0.5618855249533111 -0.20394586129050482 0.985594185084513 0.2284409514948006 -2.647798465589722 0.5079848477612873 0.6533046975968868 0.5240257663766109 0.28628842603236726
-0.679941411600692 -0.2993938614255822 -0.5015916418673045 0.5470975170845462 -0.08872420634371793 1.2663420521233277 -1.0528068034110547 0.45159177905144215 -1.6690055675975863 0.35074940519063336
1.3358744328918077 0.25393951314153346 0.4524366711423863 -0.7043124746244553 -1.399363726967402 -1.0630767403848 -0.6362908326621826 0.9324755147648551 1.7414476644143555 -0.7848262358626044
-1.1744035169788094 0.009321375813870856 0.8905597078370928 0.7264731552331168 -1.2589684881868743 1.8751317701329095 0.6601742920068818 0.49257033359718516 1.0708110971500095 -0.7122453655503788
-0.9821235503035848 -0.045971639840004276 -0.9787427815532223 1.1258570256666491 0.8546823969788588 -0.8503819680300058 -0.874280215677161 0.8891314070496977 0.02852488809111822 0.25135443336986696
-1.3266488682827342 -0.9514884820573187 1.0952765190225409 2.3329766269546206 0.3572738006065773 0.729935410796179 -1.8008479854206372 0.41114879514617547 -0.1289088384515216 1.7791257663878473
0.13898795898666463 0.3661795649583203 0.597943532227221 -1.0237046772115905 -0.9407958620599239 0.3143474779175494 -0.051637117540827455 0.7149146194809178 -0.15235879802533012 -1.5960038524290854
-0.09554473090807017 1.571336776922572 0.7903190510382979 -0.2462746197242001 -1.18623537894415 0.44794596577895035 -0.8241435711423816 -0.9670776213100806 0.06521173599542401 0.6352515725609862
-0.8007470436001787 -0.6037751855403889 -0.20524884389214293 -1.1679930878108855 0.018191925908724878 0.266447330785385 -0.7049102313697957 0.3230677904236858 -1.146522087878547 0.3212332132761765
-1.2009703651235122 -0.5439621796882891 -1.4626238108067797 -0.9387376405701616 -0.45791258014467945 -1.1364654175298508 -0.7176459967954713 -0.9079346929050642 1.7727637444118967 -0.5084305048211999
-0.37776212305767737 -1.8645837438279977 -2.1027232635461557 0.4640854169039795 -0.9616398760732442 -0.7292928153343545 -0.3266651946384904 -0.40616922728261595 0.9088461184658585 -0.9905638901909558
0.48859379254476665 -0.47514470436043027 -0.45925834135789484 -1.0204035874224215 -1.4925371415312771 -1.1668582334362263 -0.4848404766051368 -0.2726662117250174 -1.3982731251977278 -0.3593018745044028
-0.3783288789257904 -1.511175346714445 -1.02489950549563 1.5561892792806808 0.5570033876338883 -0.10869211134044714 -0.49150992984991526 -0.33743407980200874 0.4334533178790809 1.08022676104186
-0.5442011391443513 0.3154517644747248 -1.266416782738902 -0.24358958235796094 -0.05179455857705582 -2.265917593148032 1.4500965417498854 0.07911421962333336 0.6737189918344658 0.6262028955085133
-1.311321648996865 -0.11529846148354167 0.5824537661746082 -1.1994098108561884 0.3835951166415634 1.8710326730718492 -1.3907148826282099 0.7640106891298815 -0.8817774769521973 1.0821153700019333
0.5410599887143768 0.09023531404717686 0.2528155187127701 -2.342258497104334 0.12455344329941302 -0.1051926945713804 -0.9268577843498964 -1.0974473127183504 -1.5290789087748384 0.101425925522491
0.4807252352801571 -1.1882800988723705 1.814832724040892 -1.312621256409738 0.381251345006555 -0.9846493998017615 -0.7495583723756705 -0.7277558566629846 -0.03695989163123869 0.6168044311513309
-2.406204038609288 -0.2112239046351992 0.4971101157104775 -0.5591001390221207 0.2463071511443438 1.2786247298789157 -0.20566707661406602 0.12019705346670773 0.7661889740964752 0.3114698679407508
1.2199312501666866 -0.35044182303898075 1.2725385728636964 -0.2597896585594904 1.1128195554646387 -0.04912007296563542 -0.41336692133169917 0.22390106362036943 -1.3803329475083124 0.016830602581710097
0.25890590468160013 0.17487683414593547 0.2442677118846208 0.06970161572017522 1.6344756889176917 -0.996196615562272 0.09415652224328869 -0.045597057407964985 0.2786236733374932 -1.5584706294757684
-1.2920681552700186 1.8192323716823569 -0.06533570836067913 -0.060616320195601 0.5494257163656633 -0.16859756792938344 0.6672635420589874 0.06837328942178521 -0.3751461614459001 0.7378978272087993
1.3870541551664042 -0.8463254895775447 -0.4028315132595569 -0.7027059573390272 0.8865571873504486 2.6487406244565395 -0.24617074179665227 0.03570305804451593 0.058147119766628313 0.10339035217156
-1.6605493432147702 1.3357387159586411 1.3766223873224719 -0.47347707518633125 0.02194031850939292 0.24855097389317485 1.259044705709888 1.1325659918107895 -0.6298438226361905 1.2050223355560348
0.5051685150270989 -0.9120147410294208 0.23030710847921126 -2.063556027356837 0.4622860643290028 0.6424136531814848 -2.217726485244868 -0.57405937022635 0.051324432259490724 2.209083273986376
-0.9503186455115344 -0.31711091061682833 -0.4400666740945169 0.9688756721371566 1.4713233679158213 -0.18539055228372783 0.6925159307033717 0.09538610305345659 1.1849918187244042 0.4593602454074379
0.9859764373873167 -0.35672523676566603 -1.6173205953039778 -0.4917195518455132 0.7764740245486742 -0.19827564299510655 0.6051795298891571 -0.49394424209033067 -0.18777319701666814 -0.763234968138344
-1.2603935345484296 0.88389016526545 0.17373894129801642 -0.840181051382053 -1.0940574812264168 0.056514864173822794 0.04858388819855361 -0.26653748105039066 0.017439674222133158 0.5219547684977537
